# T M
1.000000000000000056e-01 2.633500000000000424e-02
2.253968253968254010e-01 9.983400000000000052e-01
3.507936507936507686e-01 2.149600000000000399e-01
4.761904761904761640e-01 9.929999999999999938e-01
6.015873015873015595e-01 9.969349999999999046e-01
7.269841269841269549e-01 9.942799999999999416e-01
8.523809523809523503e-01 1.396150000000000169e-01
9.777777777777777457e-01 9.967950000000000976e-01
1.103174603174603252e+00 9.393199999999999328e-01
1.228571428571428648e+00 9.946450000000000014e-01
1.353968253968254043e+00 9.896899999999998476e-01
1.479365079365079438e+00 9.847349999999999159e-01
1.604761904761904834e+00 9.779050000000000242e-01
1.730158730158730229e+00 9.613399999999999723e-01
1.855555555555555625e+00 9.413449999999999873e-01
1.980952380952381020e+00 9.018350000000000533e-01
2.106349206349206415e+00 8.452450000000000241e-01
2.231746031746031811e+00 7.035200000000000342e-01
2.357142857142857206e+00 5.155100000000000238e-01
2.482539682539682602e+00 3.266850000000000587e-01
2.607936507936507997e+00 2.256999999999999840e-01
2.733333333333333393e+00 1.860600000000000032e-01
2.858730158730158788e+00 1.621800000000000186e-01
2.984126984126984183e+00 1.264750000000000041e-01
3.109523809523809579e+00 1.281249999999999889e-01
3.234920634920634974e+00 1.167399999999999965e-01
3.360317460317460370e+00 1.077999999999999931e-01
3.485714285714285765e+00 9.678999999999998716e-02
3.611111111111111160e+00 9.441500000000001280e-02
3.736507936507936556e+00 8.890499999999999792e-02
3.861904761904761951e+00 8.391999999999998072e-02
3.987301587301587347e+00 8.109000000000000929e-02
4.112698412698412298e+00 8.083000000000001295e-02
4.238095238095237249e+00 7.868500000000000494e-02
4.363492063492063089e+00 7.656000000000000305e-02
4.488888888888888928e+00 7.529500000000000082e-02
4.614285714285713880e+00 7.349999999999999589e-02
4.739682539682538831e+00 7.070500000000000396e-02
4.865079365079364671e+00 6.950499999999999734e-02
4.990476190476190510e+00 6.554500000000001991e-02
5.115873015873015461e+00 6.513499999999998458e-02
5.241269841269840413e+00 6.819000000000000061e-02
5.366666666666666252e+00 6.513499999999999845e-02
5.492063492063492092e+00 6.329500000000000404e-02
5.617460317460317043e+00 6.095000000000000417e-02
5.742857142857141994e+00 6.242000000000001020e-02
5.868253968253967834e+00 6.009499999999999564e-02
5.993650793650793673e+00 5.948500000000000315e-02
6.119047619047618625e+00 5.824500000000000510e-02
6.244444444444443576e+00 5.956499999999999989e-02
6.369841269841269416e+00 5.860000000000000625e-02
6.495238095238095255e+00 6.019500000000000545e-02
6.620634920634920206e+00 5.567000000000000420e-02
6.746031746031745158e+00 5.481000000000000455e-02
6.871428571428570997e+00 5.467000000000000332e-02
6.996825396825396837e+00 5.575000000000000788e-02
7.122222222222221788e+00 5.823000000000000398e-02
7.247619047619046739e+00 5.807500000000000162e-02
7.373015873015872579e+00 5.512000000000000233e-02
7.498412698412698418e+00 5.343500000000000333e-02
7.623809523809523370e+00 5.278000000000000747e-02
7.749206349206348321e+00 5.079000000000000875e-02
7.874603174603174160e+00 5.457000000000000739e-02
8.000000000000000000e+00 5.576000000000000401e-02
